897379
69449
175236
697799
543376
531731
700459
550620
984326
147116
307477
100698
291898
15775
21820
91123
219719
627737
70695
451273
364263
136988
941070
430815
217331
214560
881858
958000
908321
819110
771171
39731
243669
346440
382983
799691
972119
422085
536108
761101
750848
610139
515333
974357
665972
444141
457190
202778
967458
721085
632582
871534
502736
324142
247583
470041
23737
722766
170551
291846
220032
930402
134606
586504
171460
662563
103638
443718
347454
961690
651156
991837
317038
559823
250179
96347
525004
205596
184380
196691
397847
498609
559847
470441
365231
529281
229094
573538
734642
16182
176687
230378
249982
159029
59061
102223
392075
284379
586988
548568
67630
517510
273729
944211
854849
104235
679757
483895
508585
554272
984201
750671
482740
187980
469227
194552
546628
132205
361214
972384
519267
750770
15983
634574
933109
112133
464532
762232
456463
835122
360598
156346
548218
672215
503191
505875
896193
683527
223652
369438
126884
80599
359164
878888
160098
644669
169356
420006
823535
405835
327929
166757
920605
706657
620073
751095
179230
355597
260376
670049
987577
757272
266584
515073
336422
247926
239557
892917
252900
908769
985839
492812
202521
417053
64737
519501
518616
248440
922948
902418
245315
50805
297598
482963
482756
239506
962735
922330
902084
258580
422375
553674
592605
265861
199158
930133
61742
1040
184446
180016
693048
924552
459390
985055
762406
288869
587606
267967
51986
312715
280942
589601
830601
283848
3863
32789
202717
344562
275300
135854
789558
473867
592774
994393
747435
325554
134520
726692
863705
447289
150990
629176
706122
150606
580125
46334
883147
747579
441700
303483
9407
369917
243866
773632
769246
516184
437897
213212
761320
82659
969503
971267
841426
918992
494572
616241
758530
413
364032
809665
308669
670785
311539
248235
580350
639215
478870
384994
823154
790695
401990
888137
807007
38605
787052
915464
790220
148851
372311
905752
195216
610902
959179
94461
906191
585977
443366
124510
892258
215295
387797
866127
778741
209996
955541
497033
503330
309829
8347
807276
64503
297127
490709
785732
918997
44757
585421
849491
870985
518385
309829
321526
905100
192021
453860
599850
734721
388667
452788
239011
252894
512809
911154
797187
835471
286827
553683
221358
31994
851361
840686
268378
696418
149617
59322
272027
464233
600701
404854
394401
159763
454909
712608
994530
568289
432414
949549
237397
154797
418052
240215
801762
479768
818974
824095
751985
434681
107863
382773
366527
928145
825833
30310
481621
413764
933825
365774
593650
730387
729163
994100
564346
570350
565613
46246
414862
665661
40791
22182
419638
592178
819850
53844
507726
505468
673293
599908
695622
442352
82903
165763
376809
66056
244891
162302
124169
338981
915723
538399
862633
46992
455963
152833
38802
488490
11835
518184
971709
896959
17359
859086
864536
701277
44264
134189
731662
771757
545174
535413
973370
347363
7280
154760
290385
418741
597212
570413
595278
503732
133115
400381
653398
908920
462525
790010
836978
840679
221534
455818
920045
770043
487547
363465
436120
603805
218655
849087
966038
645978
701262
681811
547691
407128
149495
991192
44473
650532
714484
141222
15282
777657
274154
902992
977341
399095
487441
260476
116393
829121
892159
743555
161018
567587
442032
904488
563956
507724
197711
849030
625688
79725
685180
802762
443781
547587
510105
489495
67656
605739
725226
525172
179267
759516
97452
427172
772537
459094
423266
354437
706581
637010
357944
229162
235861
236143
768191
786332
304525
604613
819365
323856
495322
681891
630005
892916
791400
2797
856564
495834
130868
641232
632447
313507
230654
904069
580531
388086
615349
56455
820628
718279
110930
469770
731620
528859
610793
777546
110426
631003
365399
912674
706061
538463
385831
141598
837859
679600
728202
799282
105435
470534
424512
154973
549829
996379
845279
73932
228905
502296
205493
724043
898484
676202
710763
551926
52858
140494
868499
957032
434557
937152
885885
992010
473699
977180
543884
979182
841925
897204
284560
7506
922498
790409
451001
796558
33134
582302
698310
739808
453783
158212
889022
938942
889057
71704
528114
84831
293863
120834
363269
224380
498988
412055
16412
97386
703026
906341
154081
11759
784694
401123
346929
256749
313993
358786
229956
488027
741266
596376
794641
471101
327843
403682
736724
354409
639365
158745
800938
527110
113118
38253
915849
384239
294345
593905
117663
498416
22047
178626
82080
584688
179522
62696
903101
236130
563432
383310
831165
422510
303016
539202
424531
310626
424037
101925
394395
324402
991235
476983
369996
798334
171264
389027
342215
91847
338753
630052
927092
109375
220066
230421
129306
684191
661491
551640
599530
206931
24683
159085
724946
820004
866294
542734
375466
153141
248151
703021
384371
407368
811299
499216
868965
176547
544938
630098
336913
652951
683226
285392
955256
762310
715077
892508
356612
45232
526145
756688
44504
233514
99885
703414
922926
633544
17930
423393
236273
750856
348896
38687
211717
833992
649379
512969
299282
471918
906083
745910
260831
224693
900028
574835
215842
757251
68204
580407
685779
783519
449520
145886
445910
171134
837563
528708
230277
737210
263444
556563
234010
636902
460744
150340
356975
252924
191592
5816
145390
161765
419521
747399
452785
197732
98011
40880
100551
381569
755083
834388
891482
96444
129557
485732
257573
724279
711223
739943
727540
972260
46570
648879
416208
910290
558649
363576
70640
811602
478445
376002
31309
31472
266652
897888
637308
595654
550927
353031
654255
926702
259137
91846
467
721243
331540
777223
532227
298174
261625
53015
750963
802756
474667
595973
162432
85346
757540
111050
801224
64878
408976
313221
558525
760420
979044
432938
785074
576982
707884
594142
20336
480546
493723
746426
403894
970846
668682
81504
585985
982272
52982
643176
938639
681381
349043
969829
325742
845274
942945
86907
163096
907851
661570
80900
172992
18618
324338
125198
42271
599479
336198
678744
333019
267138
974232
93402
217326
851921
686464
222930
63125
650642
313594
865137
445005
828426
382138
366715
731023
320334
308007
20786
761370
91632
270752
936379
556528
346530
585617
986692
407107
385422
400346
591361
857515
709889
832491
83124
358009
134411
46310
155986
728217
246101
118145
39756
126313
213220
686986
423187
204662
744518
677939
36912
630514
175738
283985
45460
920337
204493
506399
611458
623856
933207
984998
456337
105895
721043
206699
584122
358946
880958
89779
379598
984091
449642
607784
206890
594102
205558
273165
44791
854724
932501
33738
646386
751131
229713
672038
311114
703661
455046
361579
928734
880366
698977
447601
104408
322274
903933
727796
890150
203078
156752
70875
386997
606257
678993
548517
514863
534717
612801
247325
663905
605527
616701
501294
605609
908135
883794
980235
950333
72685
859840
844369
870048
916417
318045
68328
934336
435350
453296
925897
639971
947048
253671
943443
182793
635351
917869
940332
768367
912327
729838
597160
495370
460985
278694
450827
616412
455562
588478
139058
225922
143658
773352
458874
727236
70801
666147
823433
398219
720737
702571
109274
436240
123351
525032
811733
375343
398348
69150
555256
532818
209735
109552
932071
906410
783027
692237
8366
171960
860571
503367
319734
157512
900614
262765
290773
318278
526751
643007
264497
820058
424879
646790
706560
416592
154388
619808
488798
342553
608764
849507
833607
143260
931895
200330
833530
911151
569871
822675
361705
86210
206119
572808
344350
630077
179181
635811
281118
717794
67867
394299
701669
938221
220156
340382
788703
547182
712865
703333
713911
824570
345029
319731
420663
266742
890513
722210
622565
163009
773762
952832
399522
457416
122199
484968
767808
512762
550310
756297
257685
963524
835093
351673
316072
92208
395154
994662
250088
21623
424609
718224
735073
931515
331699
789399
695211
452668
552630
137972
337112
595796
254745
545546
629577
473190
941272
938219
344166
9116
386382
277285
263455
648079
523128
922217
732845
608033
182240
379673
764142
215980
900114
810390
704703
445939
253874
52185
555420
612100
749659
641627
168792
754783
23783
5980
693009
377077
974884
365932
472033
358703
209344
624642
346256
993394
988092
543590
650978
38974
88495
596757
385804
359549
331681
23288
870090
701384
65015
706493
282273
161437
108948
990489
353448
57757
872454
692535
243869
948315
427811
624764
33539
224626
719622
69407
654248
526293
718099
856270
570398
513020
571862
194056
238464
197475
616959
450974
691226
23911
850085
738334
349871
533805
208773
154675
607325
208834
415287
331320
612639
559968
989259
514558
361990
667562
997029
978877
7038
995914
570554
89357
236244
350443
684274
616784
383007
91601
433341
786945
42425
752617
11365
603602
78272
592861
122450
180531
329658
900171
747172
618455
891428
792594
534535
309368
928014
194769
708983
339921
166351
614962
608173
727278
224691
561035
665653
66285
938003
517926
890357
286247
365977
151071
462848
434176
753751
838378
29717
522612
709479
583948
114147
292763
350095
585661
998122
937989
172694
504674
329971
176632
981913
445871
28779
535464
979582
693112
566109
335971
792785
733087
128358
844253
128292
774723
950085
157183
473510
105300
855074
283475
998785
476602
352120
770931
217697
565195
657560
180642
947864
555216
895947
57312
97333
536255
763361
706114
798511
497439
377712
840159
791246
557508
140952
561218
460273
684377
833920
831902
786498
618939
860501
649659
313720
7124
921843
369479
160351
927909
307213
860090
936262
924992
451278
966686
579627
978615
95069
225575
370947
317528
340929
656961
227731
379536
659953
839553
218171
337250
465320
524769
688785
143522
774638
457085
529684
982045
441311
383226
638543
72927
842006
122265
622189
418982
560868
872827
566062
155532
889896
486508
607393
335659
302394
458911
740957
868333
985377
720318
653846
375372
520802
361628
325647
551267
39315
164029
264713
618831
482348
182860
403369
583090
79403
951143
790336
86485
505612
712777
200487
749485
581785
186048
24922
507233
66017
61857
417853
307621
388511
31402
605761
923846
905298
939714
756640
524534
855835
483533
133032
127246
142652
427992
832307
715901
119318
769995
468695
417416
766001
848391
517664
421397
180687
71507
229682
671353
74435
295837
297937
443558
7614
955805
495703
519807
375587
704328
171203
455073
621994
984291
516472
497781
697408
497442
271184
932053
143982
394318
457736
97323
773256
543089
51069
344028
72754
369940
320060
488206
284570
760013
961740
987314
795617
204843
916
951237
323503
584177
382425
296497
987432
151096
328042
674436
802997
989203
386396
489941
704320
868092
158746
277527
462550
464954
680112
797312
297215
263689
796212
139637
949267
39142
434214
146404
665542
736344
367968
246638
850939
801893
632665
326656
545117
997882
323962
157272
863231
422456
210181
453678
171050
247910
542398
574127
631436
808793
48482
909563
239552
329208
472159
195780
913283
273789
952216
252094
280721
18790
130120
401058
454503
702357
16301
339998
324220
606299
583630
31390
276785
909699
335503
764231
618529
450043
781525
904489
581523
74506
917820
779158
22828
12855
779469
411795
513944
290448
849249
653628
989099
16492
981773
411783
848111
746659
418317
842283
370555
965145
724033
861589
296996
603991
577688
76400
573233
311198
581773
536602
296024
530613
986325
702133
716847
40450
743926
92636
671404
286352
623371
540307
650924
435387
685346
973969
685886
334915
675610
401996
476232
285664
962236
658845
977553
745820
471482
956487
926861
852495
332748
646663
774277
929628
832718
315641
217903
523748
327743
786626
583036
488270
714364
682963
174630
394330
354516
243096
972339
500984
350267
877570
892577
793369
529338
312614
122283
332252
744005
857079
945919
291007
666497
915636
128004
271742
190183
51264
653116
868488
359310
77951
437560
932934
672184
718416
899911
649241
413243
995202
467774
873980
68921
193865
496411
872644
448412
836627
850214
549118
254091
26165
87654
909061
762478
242955
422078
155018
876065
505836
375064
923859
215838
119608
179862
437619
590458
609398
959010
923348
851452
313119
174289
366285
143851
632951
820537
765919
209327
817007
724181
726434
414528
723588
62341
560343
876255
651597
535906
481468
4374
692482
700976
506807
114963
586309
948480
420976
889142
180918
634473
646693
24992
924289
975010
36412
426421
360854
123328
130044
488442
483995
833740
217557
988597
983263
726433
394067
222648
962607
817616
742412
838516
591624
775334
43801
38226
626126
699991
425379
647891
108364
977754
132654
307743
813746
967608
275249
843030
358406
32724
288368
757960
710716
114537
924849
801485
669077
941152
360197
125277
497175
449400
208414
404574
598601
801889
158485
995718
494253
963069
916391
69929
834621
776885
242352
529741
555622
682478
753101
451033
754662
394103
94457
258152
381834
313421
692995
231117
620366
602260
184868
843121
692029
185959
486697
681462
554034
4210
293357
319214
567181
326778
193626
823151
158735
686445
303081
398398
501773
246880
55663
744109
773564
106980
795428
515540
109773
620727
173962
65397
493793
104828
796162
836104
579657
930733
216595
671011
811049
752285
48159
652609
531083
518145
597563
428575
19755
532460
123467
273222
513895
31504
131210
916287
641916
952508
537836
157328
226035
985903
742669
489696
915477
409440
81790
174551
974554
239058
741389
236159
795389
851175
244533
349314
875044
383475
132516
553274
228212
463786
564447
942101
110441
626020
854927
513422
32801
454652
281643
980034
26509
762148
945606
42714
463140
778633
751914
861427
337867
462286
61542
866358
938763
886485
249937
437102
513813
839802
274212
375720
775442
361429
359366
979976
965933
595549
56582
298689
874823
414009
388116
278575
705175
121966
60329
573165
342052
936286
237650
573900
921683
41491
553680
639760
33514
435074
433029
264164
445690
922650
482032
227587
656815
693760
30062
394594
707921
919125
234838
481225
356218
256067
752064
547193
294673
97219
935749
248386
55418
314960
401978
963689
321837
431441
764768
615354
690623
931309
854113
568295
462310
714717
184047
2393
559777
674578
545779
261482
226345
374529
458083
146913
776570
718600
77623
239228
271240
815335
768963
648953
960433
934424
357438
562685
344615
467113
284052
486958
602466
956270
978210
241893
539483
65386
887144
299566
981884
139917
852433
419631
579028
46399
709083
710338
436455
753540
483938
62455
661093
264938
885052
920298
348015
392966
804676
760918
756249
221764
665076
879500
532017
836031
766678
603390
488757
647263
669705
652602
220426
563922
100884
703426
186621
288585
61555
290913
494445
560330
476471
433283
812404
383736
254033
241428
392201
913860
804313
801719
799818
271272
44385
677742
676970
106968
593337
859927
407513
714315
48512
249568
750695
79613
858658
217823
661737
641502
96748
561531
509342
808427
474891
314911
397356
371004
262713
442395
802527
858156
900785
138312
110808
522083
691067
499600
450729
392112
839757
658047
195516
119679
451789
30526
717759
254148
610531
170993
715184
994807
112355
986238
446614
381411
630963
627243
930005
55819
118147
429461
26134
689461
320934
91006
591152
24824
105056
274074
497149
434377
915680
65513
245500
498990
863739
805334
319860
700928
550657
196596
826553
472716
358644
481836
230851
33519
335146
62381
880344
515618
638270
508920
76482
63196
291349
330278
995708
965636
784567
532229
629347
314693
499885
719091
209044
874066
484905
225352
519458
803293
494060
4786
457022
347102
693875
316140
882721
422551
19825
399615
521729
10782
981768
846489
282562
814280
946138
97860
210545
273958
78281
800169
879069
627695
433874
552966
870517
149028
462882
172186
390477
156967
86324
478707
834708
336868
685851
93637
748265
413166
436643
344954
354544
566434
476349
955307
804259
336377
979056
930002
243765
866193
880983
824253
372426
383621
100866
75543
513975
745362
683392
333431
87291
720137
312133
630243
68606
154793
400568
453256
745133
595716
418614
546073
990632
328553
120373
935917
19132
251439
92998
21142
390399
991713
991724
412440
121748
245000
667950
570236
63874
395436
657183
992867
503931
151488
347019
225897
991641
466293
196528
75704
272334
976517
731893
618782
192864
18332
910140
569253
736026
343021
144090
428348
295725
698488
146409
669696
583880
936929
727290
533629
764735
679398
459292
913576
193981
794041
999950
114686
370904
400900
764085
967715
459870
531363
328331
941230
583041
326981
833148
655302
640447
629633
71251
840895
391337
79226
873861
672189
981851
393945
217232
545076
119542
372515
502590
746570
490879
510000
25522
480684
181889
909235
70666
113857
718565
929755
947796
906612
133976
121913
211015
679369
490466
343019
403563
666085
176195
907151
46382
353755
58097
358920
441448
87349
363846
115448
938883
884380
573431
900259
461790
545041
788190
328920
767097
238952
839655
630192
504932
839423
708294
367367
621981
60698
969478
608351
252901
857345
468336
694856
168610
963876
932910
602671
124766
376391
65778
272710
334660
587496
573356
362139
94022
607827
67190
521573
815714
393624
810270
169250
237205
438773
683179
691972
970224
936948
30898
549836
725314
825406
649264
113089
861114
759423
347039
409982
984343
834839
689395
683144
869966
915793
878576
626391
612746
958491
898531
664683
362788
221762
714975
241295
90089
596697
144426
307195
18566
904695
863454
598263
827905
560397
373660
346782
595162
262896
753427
699709
583915
723496
954275
181399
503186
395581
758466
379708
414962
141047
493394
648884
322594
220977
95039
373287
335547
953666
288942
333516
796363
70107
830573
437723
855307
750494
706675
55062
193105
61303
916034
133793
345016
629323
651689
898851
960790
701730
591910
32981
187703
143646
312024
36245
735167
233125
412344
741872
767046
382929
813701
231550
285920
520545
324624
267200
350037
124665
486315
773758
4395
889987
655592
381869
878486
181810
273047
268080
771734
22332
861285
676228
283003
885686
380370
123984
823408
542564
358705
846894
525001
778189
821794
239061
697673
336233
446987
28658
54608
506405
574069
748187
999419
629649
502268
199943
608569
547864
691954
181952
435413
295971
130345
702412
366391
349007
883324
257897
657566
258383
102304
71914
226238
651203
277158
732230
284265
9160
687754
505932
308542
19484
33426
507866
323465
578627
728905
673785
765400
621898
61930
242955
766577
620931
687784
193750
104867
93716
816171
603843
284635
406825
613726
76172
870770
344125
487462
121770
853458
805276
23137
993644
148308
143638
12629
751592
450793
260746
814751
658526
33093
617949
743257
384917
936057
375783
172250
728050
333570
418650
79398
402503
808633
516398
990408
568844
867579
134933
740409
660162
712802
56888
861675
614890
727515
857114
610886
1230
286817
760456
936503
434175
242776
659754
2932
527856
164690
446642
185177
308049
857501
328407
517462
861851
266347
159449
529968
337639
503791
358382
225293
771712
185639
569407
445074
56504
57979
1037
436132
739972
158473
425507
326533
517887
499625
412254
637798
694543
438083
952283
170064
855338
427523
343446
907046
953470
46727
889799
591340
344200
60396
661818
511342
196009
202583
454442
733412
965618
985303
630541
265883
865528
245961
349847
444800
970149
622734
799825
301113
14563
20939
150286
90281
906348
544389
895703
420299
684790
911311
824120
305641
808243
199375
448641
294886
879480
612562
650370
748688
87240
105469
312920
390420
950022
610525
149072
62541
431708
486318
185632
478520
928307
549650
947528
581885
687783
22159
903717
92995
458803
311807
814244
463012
698017
668706
700785
968815
555519
150495
648528
690566
956754
110065
988273
32509
17960
418771
377561
444030
108577
286672
367016
470713
207039
209351
709041
882851
863494
270022
620734
835230
767220
473065
485307
82064
220867
624419
123952
540475
386559
114619
597117
724072
441854
208945
562173
455978
465471
158993
291656
936558
194964
280744
345565
603180
803692
801534
17682
801574
520413
931666
86222
192096
11009
425693
960280
155991
513203
477911
602174
773517
503298
837187
866577
7017
734338
87356
430497
230435
793543
768886
419840
411743
40756
905239
853253
513408
30698
772002
550229
910924
766044
971298
193291
517481
822170
626985
111890
728431
327497
676071
35967
921994
220095
114640
69792
618271
555405
987250
5944
204089
310364
741594
415796
753689
49608
473459
821999
248621
251988
616235
579213
460303
230100
306188
943387
15731
65812
524184
361594
251762
341645
903634
310352
813095
935633
243372
393769
934534
544366
15339
48836
48780
899827
209898
973083
973784
984779
657121
748626
46639
24780
406792
564558
99551
653400
647768
617617
621759
697656
86186
110547
307197
158662
178302
80967
828303
671726
423394
569968
149768
561753
404617
130627
832232
160818
346499
704503
447730
245189
147051
862603
130988
364039
934699
985563
228798
712676
21457
70670
940967
588288
245567
283046
65131
872000
312246
433298
220013
936899
473829
770217
853888
612958
75250
528429
993948
861755
359658
516846
479531
140766
551532
678175
256520
351474
250327
838664
255042
49201
511964
774908
257104
35893
598754
986235
311137
120927
390059
927090
404975
381196
752991
775944
134802
712605
565287
879847
337302
695900
243059
212856
733821
303188
467624
479431
171264
980858
175675
319469
345908
183438
396497
856991
419065
590307
551030
461090
203111
244312
448023
987942
655904
697823
967681
811440
167964
153770
638750
510052
655284
76357
340253
244358
470481
889230
478198
848242
364139
190133
135638
483359
63509
169380
542506
771671
444057
912194
979432
802343
970669
585873
899674
445492
199930
868638
119468
963813
343905
51551
886549
319614
792091
342715
645630
450707
496556
27235
581516
326206
747711
704083
410619
890675
136972
209124
628203
200267
529422
494604
963735
352691
191449
291406
420779
849426
821726
310253
73388
164587
645611
215722
869169
783429
495113
907497
410510
369669
742614
932388
302286
317628
546051
159767
324622
803878
592776
898059
919777
861250
791775
659621
440243
190553
182097
949934
981000
409473
3295
743836
106285
926353
876112
312242
990890
286672
703053
680383
15052
857450
525953
345977
853704
339468
347523
363489
769457
762308
77443
391233
453928
561388
424335
54330
495571
828591
720505
149619
444115
428273
463074
367361
519589
558226
70268
256282
695929
840333
692390
533673
657040
814779
589995
817183
70542
389682
994778
542900
647593
405424
946376
47310
216338
97691
527323
343757
4851
497653
401847
853608
691375
262879
737060
28029
947220
702291
653789
466121
533060
538043
430437
220096
883470
854381
659975
773164
135024
132546
136156
58980
549692
629243
261466
73709
809010
926102
322719
866064
1746
305854
53326
214859
345259
212498
978698
926505
167021
678786
188834
908846
739034
541523
529721
305604
484649
277686
230513
387973
277441
354236
621167
304804
452977
568377
271735
147301
125915
178509
850872
933855
961992
571808
411561
662376
197410
113697
963404
587767
166100
301260
109976
659366
396643
707287
343253
866648
622923
908177
329696
457194
147311
777732
365154
235146
157739
942619
975934
359692
744445
514443
95406
857483
157882
907590
353533
305854
69006
229018
578217
778762
793083
54563
782012
665091
867266
210935
937077
529245
205669
244966
195659
726410
342243
285821
555564
152837
854215
542502
344893
930584
150817
61581
955067
394625
174476
662859
801254
923875
967047
451664
958505
571763
341807
806277
440813
477726
203035
284765
698551
712525
932086
838127
281126
249621
389858
852631
243726
770348
877703
6003
483188
386747
888562
921003
803864
859250
788779
539134
643040
650235
572907
6256
35645
138866
640638
631584
647501
116074
243242
211157
225162
397301
264000
314417
468363
440635
614431
303904
28159
355025
966341
542442
152499
44360
777895
422841
227076
398764
133302
13334
319777
390146
859353
106206
757207
975765
339934
364586
759999
273304
993766
522907
384811
693037
8854
600935
633277
107578
869803
69079
743418
934999
44091
979835
41097
143517
395913
584624
742605
478300
361423
928851
675686
859091
451039
836703
869517
957337
750633
92408
352442
716192
506125
637353
12118
950310
803577
151850
533519
835234
40837
297898
328971
268493
277946
648556
88022
752827
251439
332302
2465
179793
164572
444060
504639
710099
994829
329389
186194
315495
320583
262521
322774
702522
140748
685486
83740
432069
538053
966684
984640
358101
296394
654876
4717
989236
903764
754469
673913
372263
117156
740728
928278
581585
281467
316751
651984
395058
438043
423956
336694
692789
995577
281374
200285
86629
534127
344452
743598
585887
383875
398993
421157
174747
736227
914838
949284
653597
911530
586659
827618
789644
343450
94978
25111
501892
607690
676758
831542
543242
712512
316871
902391
668460
821066
977552
915038
63297
546145
867979
190378
265847
369333
806610
790633
406508
531290
535567
727218
176006
970444
198896
539803
384315
383418
92711
637986
965514
550121
827438
578568
255508
360836
542169
916644
740695
976042
553367
352221
444246
157790
969141
976470
97600
506903
532910
533767
882486
359979
813075
860581
922410
332021
464856
144351
815816
906554
259973
527041
893918
825417
927197
647498
125747
611046
28803
531722
472985
780572
112925
770887
234703
453390
792058
188292
136008
695491
464077
465232
285247
732573
600515
978336
170598
432370
163372
760680
471225
356784
517870
954577
942923
541751
432579
646958
282695
508797
626060
108696
424768
855162
259782
931797
775673
454970
488637
226799
787872
943674
792898
728776
145891
502393
283009
653975
135257
17166
19436
686003
266477
769730
502038
262913
350933
512527
307660
889290
706089
402824
862618
450034
350450
684028
341821
800460
523799
401206
373383
271442
990754
729828
148817
383655
958765
347100
971959
758846
391014
773590
87891
615145
286621
177772
260249
372670
510736
406585
953494
104606
278296
418723
621315
933539
317194
599705
591981
351491
382883
663550
222592
806554
482202
682887
474706
249674
103838
952075
56403
481205
568263
918001
180539
847327
679627
16309
43070
632192
921774
478052
379060
871866
977318
104875
231893
21373
364400
789322
515674
736865
501910
530635
152726
568477
430748
422873
319998
362894
223258
436856
137381
359523
650769
845369
751312
80082
903248
238282
146874
806269
668321
903799
862646
122978
927737
422806
460385
685418
919288
161484
493066
527875
979300
542505
22152
368706
299571
729816
360107
113643
747683
766440
324139
553709
649844
680700
127614
92697
941150
979204
400972
301442
843775
497622
229210
283976
182911
738666
622901
433447
570123
774795
759508
703478
522447
158782
864575
169052
223449
666107
976360
59057
382314
870658
274275
382483
484491
406711
402011
448019
164472
69846
625528
469790
393838
1930
104644
879581
550627
289778
883535
4263
636815
105059
636862
994540
791514
349317
764932
227492
676382
306154
801280
195736
240980
126785
942649
231554
738325
183887
400916
526727
971120
364287
718128
155504
793054
658143
348739
805024
769245
381866
344160
983682
621360
352517
139984
744836
518361
299845
745511
227889
394186
413267
324615
263048
528565
246210
996185
771649
762095
957478
953594
550927
694070
366316
272001
742967
845199
845807
988032
986887
603640
407156
728357
32307
716021
706717
141620
686050
989894
100434
991692
916487
227896
893686
476987
910762
770571
578748
717677
376379
50287
888699
572018
959925
545824
642444
816223
705676
84703
727760
85847
765250
162998
547403
9324
475550
169780
218004
71260
167425
813442
850764
765038
775979
17875
371501
897571
117643
126895
793475
166981
856505
961229
431319
908039
889613
723897
912942
482019
621286
728957
58772
55080
643950
43121
988746
70350
667007
199
550121
367449
712528
491416
562221
165406
221983
123487
135816
646365
681634
650251
798303
888099
612298
335337
797851
774952
703468
463055
504202
411150
913918
509495
119182
797839
172079
473748
526969
760695
181851
94607
200391
98741
938650
669116
806994
202527
954863
30824
883500
287838
725893
448685
491598
280123
932175
306057
127677
66703
769963
520233
347611
624644
335203
889625
411629
9005
333913
965772
149755
405
396854
514991
50265
255537
54989
983015
376608
107375
760556
179968
481695
808046
748652
390064
59304
183693
974647
149601
970424
355326
142113
980086
779848
555013
904091
82621
874114
288838
849999
391181
97742
148607
98065
655952
294163
387986
814747
16861
865080
298402
413320
293403
794204
444601
35210
301359
806179
142405
642800
964547
909008
36601
283130
440916
227570
336810
397901
859395
191777
465661
180362
799825
592095
927801
792252
881427
188352
122565
527003
514134
177467
698850
203000
883841
358995
374782
514408
997898
220384
899680
227610
730675
301150
29554
584644
939203
336525
591821
823526
684069
746758
858398
237887
224815
495674
650166
948399
965733
669099
838742
490915
59904
151112
68202
132009
303026
583946
836470
578268
153431
120259
825649
482760
913822
835720
222128
463913
257886
448838
188883
111942
610705
18198
597777
3715
94117
267307
70456
830691
473792
709413
312916
283055
508519
337019
818059
716736
975768
150165
707235
717492
724915
980029
148841
132601
194687
638749
184908
94043
191048
830578
532889
606082
605712
330222
832591
800760
928156
378531
921883
785322
544214
457633
683318
662017
113855
51215
822437
37319
72214
205070
584789
69786
17109
98436
610872
396457
982834
184282
451078
707933
727018
979344
768714
8145
621160
516324
329903
604415
778801
569930
588618
680984
448035
931848
501278
478419
541307
967621
171897
792951
757983
385049
390094
274526
975812
183679
223953
215353
573272
662187
392579
192947
92015
351186
288695
808127
337083
863667
23218
50797
263226
447058
249773
397006
293615
810720
907943
567364
908007
356536
592604
834048
823494
86813
952263
906260
103704
329269
929602
71693
241351
275308
516477
831294
278467
843549
402595
57468
795067
977150
906162
368299
624742
491570
347966
855461
245255
75862
144712
315952
251567
691687
74153
319856
601596
351852
970328
923309
747833
49971
171434
757589
424130
51917
101502
315143
434556
626555
489638
916433
489831
626321
934240
361414
355360
236386
567668
476576
99594
472587
183445
19077
439899
360778
702545
369301
578646
945755
404031
502852
537147
242185
368014
336680
804762
608385
566593
58576
474992
967854
101029
530742
546284
371948
819647
282011
860191
765414
786932
769025
98813
672049
104026
537455
529625
446912
668226
8719
357644
120111
500279
30380
270477
828402
374054
942845
621137
366006
235286
644577
777738
957104
890501
24970
660251
496796
8098
75169
82328
190609
318595
880360
938547
469744
316707
888904
661280
488429
92677
273136
849719
995264
161774
352834
215416
75838
163401
841710
669668
46892
833364
893611
508118
588109
495603
552900
895337
103490
684803
161503
149088
278815
200205
402033
594821
547204
966136
590331
127201
735856
6099
747567
451937
576782
594389
983930
761019
510071
855486
757279
467752
477871
376248
983888
369573
307247
617772
354178
169290
692289
7988
600134
355550
868172
541513
190731
521565
696686
14647
671466
961166
935907
671681
331937
775299
948504
516583
331268
86282
898292
309458
216788
725897
707792
247844
217919
502513
15589
313259
826055
787022
632109
107952
950275
902195
212397
945045
405924
836487
379640
615456
136770
693684
263587
140739
869383
771321
56457
552179
3126
425262
662400
360118
444667
737933
268337
325738
442225
189914
597184
830146
950106
133159
261168
473448
268058
447293
750645
894378
222093
940209
870830
487056
638093
516724
758989
851913
730906
138790
909232
962413
254709
906899
1353
522854
713366
33799
625407
436286
476555
294966
884146
955003
515837
964085
197865
932650
893606
974147
243424
429112
209389
564975
902171
688939
401674
370563
535911
254997
980200
414395
527595
214456
350770
499037
725559
221818
644306
174530
593363
744735
150353
552241
358710
653704
377298
381428
164220
359802
529318
14925
436818
281187
447125
820347
934080
240042
890451
776544
794533
461670
908887
871110
888580
310564
279258
565233
719645
562474
124075
278058
547925
979423
853184
195733
177308
385404
127910
655364
514037
617824
973445
433032
421070
398842
769705
91589
398819
863099
936446
592093
328610
906932
984284
204243
469607
68591
143840
516512
734048
526180
410500
556240
578590
710701
286325
987404
540959
845463
546379
829424
984640
216028
199348
306758
172630
427733
383704
822830
344208
899515
93499
879717
727713
368142
41515
253234
688838
195449
252275
254185
201390
526727
672369
564286
231972
193364
343539
833448
218787
369437
121634
943866
575870
683290
442421
88442
846976
715842
206724
916400
728345
788618
831150
641917
769270
512124
858454
884269
226590
951809
961664
391417
383056
777030
164170
391676
205481
12312
344665
402382
314533
842103
44978
674881
988356
168438
768142
848293
76376
382147
533549
209891
483789
382526
354345
932439
18901
686389
286015
927662
717332
165502
950489
427505
403606
519502
153218
489797
234127
356592
660113
743170
314696
984927
599671
484843
475045
279819
148508
874408
873995
452614
436977
569582
195650
956686
802118
360837
275265
914459
76865
333975
675370
978563
177376
654092
284095
673981
462165
131754
599354
671826
363777
465851
777816
383729
264547
832360
754430
61432
389055
110601
452297
763681
826666
681361
125582
738569
402473
468391
266527
33344
13149
178626
957756
932427
885175
724340
905642
803649
531515
762200
356512
698173
225365
647778
339100
660516
535273
918876
13593
932596
974612
53400
889340
367036
579130
760879
267894
196948
723236
766618
75623
490212
494382
655930
852894
657510
463991
772464
147544
679255
778926
275851
731319
888730
771460
730718
571192
796166
963839
285027
823353
446869
824585
263625
710906
310942
645295
29454
732657
978201
332733
589614
864579
322283
146953
76649
141684
393697
399222
651156
975665
908859
462732
327870
66691
558842
170281
663186
469798
117103
677221
710528
187868
845311
741812
505568
388548
740123
431961
429383
416435
335367
110424
763834
896944
94749
101892
22433
561902
364917
333318
784242
436994
255919
687638
460745
84247
563506
481423
305013
428580
826778
749330
800756
876647
21119
277597
484280
116012
650001
767980
593291
30938
306101
152056
708553
188614
751516
794307
366611
956779
492871
754678
434512
957270
998873
572371
325412
137513
632824
992342
432368
246633
499480
778473
687591
732195
525154
788068
388739
486812
883982
510904
288423
92807
812711
737854
490858
8304
297641
10590
191698
186647
633705
814905
570407
187294
577032
202887
729824
759463
685920
35287
702437
809789
162543
567980
290104
285713
444803
842606
259663
37702
921374
140644
388802
341132
20207
288793
372904
82579
932606
54648
530598
472361
642695
915009
644432
661429
27156
230531
288858
122441
948037
261389
798175
844798
426536
448385
769230
386340
98460
373126
260536
250560
580252
512333
687711
242060
981873
786835
310572
666881
430672
5026
619901
179309
935519
143374
567566
722747
409632
59253
768479
259983
331742
899047
739710
49092
527952
316653
726338
691123
364107
249578
827844
805979
362032
311455
583092
612056
946260
176488
783003
550311
956143
694809
394476
36350
415437
578526
85955
90590
610526
893101
940615
44619
156819
757597
834585
139411
81026
381886
516509
384382
101786
800292
57145
683121
547800
535753
69395
685999
179722
204658
551398
574479
336947
32709
733109
303877
383776
172632
900446
183098
798076
411443
943090
294796
607657
429407
599031
835602
911197
466414
170662
294338
205910
972390
270608
400002
148948
586500
86616
783206
123851
179672
500115
245936
20900
697492
594784
735294
447074
58907
7190
834460
968057
472052
585092
795676
45000
342150
736727
760315
697921
381570
392025
948906
913636
534621
716031
484067
371792
44387
336125
334720
183407
1509
47208
536855
867783
121756
718977
673152
280111
163236
52212
637431
790698
471164
203290
433026
479745
575583
808562
967754
378611
447336
660286
177657
414590
417718
378766
775058
473673
921514
903637
65683
331782
753839
816741
271085
949227
817935
719660
852197
797260
80104
616840
187463
525213
70021
804782
960518
889542
836746
870036
94118
922015
25720
881998
595295
698172
511857
443930
599797
441849
332569
615067
625194
684020
699344
376709
900108
462663
609386
172011
859222
970680
119375
539469
143205
258260
772167
473229
624507
906169
624791
352813
486027
556774
412866
242650
600593
651938
819733
159378
949879
247355
428218
617481
111129
127170
196774
520606
441410
734948
899383
754177
639758
31492
167421
520771
699827
922216
74008
5634
937015
687633
307571
810208
36394
699385
264139
973069
163554
687636
437500
949010
951245
641
381423
356725
595484
185546
300662
710754
626307
602134
672829
505410
84662
995807
530378
553678
576193
746435
40399
467558
713844
230831
517703
538822
626531
151912
980094
561997
237482
472590
121800
357229
180240
118666
863128
927234
51711
118417
809732
218437
331090
803583
188428
902125
156608
740299
321250
346005
882823
287695
418001
963673
216265
531846
772584
168215
429327
424028
969105
906988
435367
911284
899657
644589
846233
515817
431306
341526
945357
546901
511532
75710
106758
683954
672738
854531
631766
128860
119798
379757
446285
74844
283598
920753
397960
182207
672525
102800
610220
516471
655106
140480
746290
471170
474884
73961
381403
902136
772195
839517
363250
811683
334019
873867
638300
144178
441328
862218
548585
821313
223072
834067
693366
323158
380291
107934
639978
74071
564174
238954
313516
478531
228407
355628
970553
214276
53857
256980
88477
410332
690009
252065
478449
652117
461863
725742
340675
777674
304308
239307
722690
604092
223610
878794
577473
501479
845077
755403
978526
821819
90542
22532
597586
941013
362453
323399
765884
581659
789597
28407
475999
605398
514634
860380
489261
567237
956277
816068
963238
121567
275537
220101
406964
288735
419640
817643
878086
133214
135459
348889
873447
860615
579060
963442
74589
883903
298098
491844
776070
710602
448099
859545
61610
971104
645464
452250
422182
253680
525498
870295
657732
871818
701515
584607
606089
217594
552178
829060
444857
339171
601905
43214
207357
248051
529145
595189
146398
38620
553641
960397
39894
869120
182036
380892
864144
206314
162106
103743
423464
211047
986710
243762
220520
85861
333641
868820
472689
645098
516284
777241
140181
166201
93083
174824
312545
4291
248678
488222
411411
249105
756924
383002
121234
49898
826751
466148
909757
831354
307917
297487
123393
205641
418819
926978
103740
214993
248487
350465
713067
984628
30776
771977
720655
686583
23682
341754
14677
768247
29293
857909
100894
83120
571774
804669
961037
370938
1128
62572
747729
799234
818685
714257
647553
280762
9543
798978
8593
878759
146244
985826
289146
267178
3964
525889
419693
436663
275315
463438
184601
84027
864735
24749
811252
707057
844220
133772
850017
519372
958323
550073
771782
919541
230738
996682
118826
357353
647036
216723
548255
547757
749066
568535
216143
921453
609498
68885
579751
353774
872571
207261
18240
698657
98700
68753
734049
949656
582069
954801
108948
424150
527063
491917
169715
29766
422972
220523
287212
150926
269727
275699
161118
891101
946317
922047
766373
251053
784948
612262
509229
336536
691599
921303
520879
912763
225819
926101
497256
597152
200544
447088
435852
384341
19011
508077
345013
557145
801983
588597
897602
968710
629005
257436
91284
394514
940437
216057
411421
584861
177872
497750
270077
539164
783653
474658
403926
337147
637420
429170
829965
92226
548007
505211
371392
642819
789275
156316
455152
514541
217555
52119
358205
255478
360130
510120
317609
858661
354039
347058
21393
304460
883424
212259
970167
663977
569883
344979
449952
647877
265653
834977
429759
807865
269100
154498
678612
229684
124831
29867
568631
254318
623943
509156
2051
203534
959294
985855
106290
997721
494403
925371
868437
783837
219835
936955
409215
168720
496288
812035
369724
9590
570886
824770
765401
797829
844607
393360
999737
527650
847365
523225
860222
990514
412767
477820
446878
213946
93724
801201
391416
536769
820872
158326
691475
583394
699114
60452
740884
369713
190773
144750
130994
299364
383896
472892
87620
727293
505587
966235
604124
658481
801781
456607
470300
508631
502756
33547
707814
623553
75772
61876
898608
465273
166579
951618
223614
233097
421729
855829
464134
310100
681622
284583
687921
300140
239395
366551
761730
947815
238657
513068
666882
251485
291155
187334
621303
815846
68455
23170
466138
929174
367486
177876
400073
649780
153525
794289
886963
822396
319426
699560
911347
47243
514711
308718
861147
874875
315095
496545
836001
237401
618680
206805
766903
353951
125023
390965
84173
667202
134301
185533
38802
354060
362512
793824
610741
581031
764994
852110
839374
178324
936933
296820
918883
25723
722114
349833
903992
643727
683436
420003
988429
773083
413953
524335
409438
806213
659175
291943
352516
279946
286807
505725
679436
259761
91058
607777
101869
370543
307799
526365
525682
578089
913347
615396
940687
871516
464395
338701
156609
116575
98662
168424
471051
647528
794101
585097
290270
313150
899377
174256
607333
266712
543500
38764
136454
346106
186404
171425
38136
274220
906580
245087
948473
541732
949207
840365
481586
691398
338335
916501
374214
200202
714305
351445
170547
890777
328513
270500
817250
864585
917413
300201
678994
996618
87560
757955
430573
388
980677
213360
752988
32469
433481
430121
73761
33522
221884
435220
852550
830745
943887
469291
938936
694568
742976
265607
834953
936631
40380
277288
702785
107456
596262
472547
5727
731530
184907
594623
417029
809476
240967
552949
631151
254267
517878
743854
573661
851180
944228
62211
598843
805813
439018
415797
41859
73013
798479
203218
983982
570987
175541
22624
508917
209577
365454
111005
46820
90016
785348
254961
283250
503998
435203
640973
393385
747791
319497
123100
653303
730653
913881
276824
780837
177516
361885
489040
939730
77279
704900
163127
852209
985351
418454
799962
340364
325295
133581
346169
469047
849250
993049
850885
527736
780139
675126
510620
352638
846116
823349
374433
599811
158954
194479
673290
377997
511198
969237
930069
586373
374544
16223
24103
591843
492735
960449
594359
791131
849788
703784
300266
559210
782871
653198
290619
518547
799542
39866
594562
92096
457835
651413
771604
327442
666638
584080
848384
890824
862167
25552
166412
466091
697412
8400
250626
594923
896213
219089
209821
190133
550227
250797
319951
160806
435438
934997
37492
848593
332901
503569
864524
329155
641477
684018
345920
167686
252567
294722
85998
438017
681706
968363
879954
965928
989576
654676
355872
252026
585302
492534
576552
164406
150670
265131
632433
965248
182254
75159
71328
190499
47587
615747
503945
489769
264374
487064
713111
693678
662728
5144
693867
620775
857028
541548
447405
295891
539276
539864
490952
581997
934025
244326
528249
691140
775368
388306
386578
248052
598429
95339
734555
395119
578962
245921
358584
783011
538513
112157
984444
362853
649333
432558
399526
2669
559327
296683
209777
310940
406316
517024
443503
255116
901411
785940
777404
882616
387510
69329
169616
93849
597168
436443
783092
965216
612997
511206
765103
104573
397886
941462
35175
618407
451477
467191
187789
411238
667663
505103
893975
257139
753155
203741
164978
18621
980956
482141
854456
22744
887543
801758
690291
245492
832293
890341
631689
85080
604699
719106
63617
555288
992609
742225
74373
396269
856036
893115
548501
369631
339404
28915
152664
158073
786324
38216
366539
816659
913009
645385
195905
925465
684536
840518
720788
706395
356522
781901
218059
832930
45442
106735
403683
199236
967640
704615
937232
238948
466699
963775
498339
676422
768661
887831
317464
299812
676867
105092
893784
307754
55027
822685
58747
590053
91279
461146
112082
745726
831409
144166
209648
818835
350330
276418
176319
515082
395131
624154
692152
450665
954348
339037
569212
89785
10883
262063
935007
91434
467242
879772
764044
293702
797676
12267
106172
134954
138905
783275
351212
381028
222061
561611
572043
255500
722623
430096
4668
708982
627707
39675
962960
987804
527665
978487
785310
786274
23088
849497
955928
885148
662228
800972
547609
254708
604973
114232
981385
926645
56378
436858
928579
783094
518099
211460
653076
806826
175256
587775
927181
820786
466996
399958
915384
114140
260017
804061
592826
671093
533993
738422
20913
73151
31214
881373
676178
843813
651131
336674
816441
941130
440568
237715
568627
413441
216524
9153
170846
408976
840460
228761
383703
400972
421338
816817
182848
588432
914506
822765
320709
454245
84986
648339
108962
969784
221969
27070
970656
671804
855415
925646
49465
241400
144462
882953
700170
645719
23311
264422
102020
888002
389790
928166
286984
623239
735361
223339
214794
147716
694783
395029
921308
872139
754437
609727
92250
987723
50112
143419
37487
506761
640758
911413
599302
162808
27190
831967
777913
7604
804214
925459
55835
37696
732715
344599
558531
494659
26527
608505
621871
579442
33901
228734
550023
777846
440912
930602
57874
924540
615592
335068
402599
273830
305272
415738
815605
744571
203770
814622
668813
23531
645372
186237
960883
946446
689329
468432
591670
284380
996419
493696
659174
374424
628489
935606
584095
299105
930537
307292
3005
803799
72681
581212
426302
234504
685614
694548
853966
5401
274418
73904
199965
598795
150192
176509
438685
845057
436269
926275
995542
753613
257348
160196
780891
212025
450730
411199
479302
918006
704341
192634
20454
253473
568746
270845
822208
534095
460709
732987
501501
918342
707477
50757
371504
383517
24028
718620
311780
976241
54820
195405
19515
311458
329679
633191
329623
820358
314506
49921
669047
398255
342226
927972
640846
909202
569758
468902
827082
80219
5702
201010
400099
746872
722378
675523
660538
524514
707890
224650
344857
28926
608689
756262
991821
644106
423748
232735
548161
880026
953321
722471
240642
405685
263794
371295
964688
199317
144436
978535
916098
413739
477466
206754
496735
219922
162879
186190
78796
784608
150665
789294
135321
903798
627736
331562
64112
316642
589738
22545
165101
809713
842638
789049
411936
60075
227481
930532
782579
263529
817015
941567
951996
809567
279433
931648
582802
970937
162065
603424
471729
348079
521562
910248
300976
660207
416667
389432
932348
115133
871544
512932
238658
277710
283106
123062
849225
926861
18289
750775
115080
799166
290928
50616
393658
605843
293524
520311
402088
863479
333694
976614
944360
208699
299175
116437
337474
532468
418192
853299
943553
378545
775453
498125
529693
421454
557314
928749
907871
31162
21061
968267
304866
419917
732375
593366
948979
869779
270778
843013
833796
905564
140290
289243
270096
49261
342000
758697
127194
803338
26412
455811
408529
580189
49696
985268
675388
818910
369609
241270
519191
750948
623239
391684
712728
338322
656155
144361
679678
855464
442633
789481
742521
973285
665741
258231
527980
191283
162480
367938
269245
518143
822252
435966
23512
237804
377903
933620
498214
45396
199449
694870
502752
430085
904132
470945
938916
840304
41287
154946
684089
634687
585210
166988
594372
812356
204908
981695
39237
531220
858979
683910
384578
338418
857988
136816
59769
465866
772013
547823
321024
722964
444188
54050
58942
989663
48680
487330
919801
913408
481297
989120
804289
958373
152244
487140
662829
592107
153571
205750
910667
205052
345158
965560
446773
805549
164893
103385
561507
950675
972099
907855
297468
855785
216061
915129
514124
439048
402761
525922
248740
250019
150503
465846
682731
943189
850944
977777
10586
826741
255122
873814
121731
377865
801807
729798
392923
640740
374240
117290
989316
487696
515070
312098
270588
294064
272075
477686
506123
198873
469104
104553
192111
278855
282702
837296
820977
672114
594182
335464
607765
475027
109028
705656
820183
966599
765742
403231
658153
533836
793552
846707
849757
334152
402824
172961
909802
910296
869501
845242
171556
345919
644112
609746
879688
60795
298112
846415
499203
614608
326340
953026
335791
472101
428367
510917
374007
535636
909464
666602
605543
388210
525067
308685
772472
659805
343840
55884
155724
171646
277449
689931
176627
274037
700513
689781
753621
262237
163491
936066
438990
194643
442704
722284
71669
745833
118347
735420
615981
620598
141903
835948
268223
6130
561501
27130
895214
818604
646824
777769
974640
986568
889198
57248
270665
788084
81283
330864
129998
987265
167024
983332
523059
592363
770834
791107
932783
553294
428233
359579
706048
894971
402694
455183
723380
889663
503303
695839
126667
906735
371839
748991
777153
302947
133154
422667
540890
666717
186626
583621
427933
863780
411555
397617
690025
63919
168872
149253
106320
294863
894039
684668
625578
506783
769834
359107
906593
800107
268701
608893
148708
749612
788194
479271
201387
979553
315160
508896
874809
357154
297661
171421
228132
3111
649877
676300
962293
572301
858207
273029
175400
749955
886753
667104
861273
528768
621854
194739
648504
270899
80127
13205
341752
424613
769717
58174
478211
818112
807173
763382
583010
536382
588587
858540
446659
757005
178951
825063
348816
614381
332809
58978
527117
705456
538575
484038
180064
954404
516013
960990
286177
922664
632095
999902
168596
23345
201719
262554
177801
219573
689447
349557
975865
859913
443613
545075
379209
561751
73185
270977
749434
60354
314424
102276
908071
768613
74311
811524
193618
110180
982867
38068
290393
629756
1580
636553
799961
630970
636703
680892
962324
630626
355638
468312
466988
515661
497765
174752
607616
497828
80078
143832
687867
174289
450702
382351
769626
125636
10344
439921
214235
564064
140293
465003
862408
601912
92697
28576
721815
275220
720802
585002
401513
507040
815491
668633
336666
504703
977871
348007
905568
220458
521315
612763
146973
463110
611213
294153
928933
933054
134134
530374
274433
376611
289191
225927
648855
422926
906843
588595
84022
566037
519714
178673
80970
784811
616290
227755
226496
654786
102614
656896
91862
170520
730309
863452
900691
96389
988353
892715
786087
223000
975492
607836
619022
911782
908344
481328
500319
501407
162686
358895
981840
467250
431861
124117
337392
797761
505198
26108
840762
324499
277564
842957
823595
398518
786514
78278
610555
406605
341720
657374
748152
876570
55349
625447
90715
190848
550809
511592
392697
157769
417325
369918
345280
79027
761874
631345
581583
11407
600782
632463
715795
456253
324429
66701
495828
283222
677915
825898
612183
624783
622363
407782
642057
518639
396478
514474
663568
831709
34200
50693
931129
175216
911009
967538
778248
662745
591450
990739
676201
208740
942822
850529
371125
305919
854807
62223
891645
56476
645885
634875
731242
205075
900651
297439
396193
964983
910703
157969
147687
495063
962094
764550
588436
743857
163864
315208
799972
758378
353899
358211
580343
354193
537530
606018
440481
408058
904853
112204
910399
642610
312799
479762
520408
919014
938240
114548
573462
937559
21407
127556
46535
58261
588634
194370
273948
627117
319977
670373
230424
425719
378068
722639
193918
16960
702499
83954
928087
34533
211265
157361
316932
513714
779873
981489
210933
662529
876426
60954
675171
845551
678924
700253
636631
436488
58801
516152
161633
991778
964316
730067
614860
441209
766888
130860
174305
145183
21001
888959
913847
215622
262157
391685
933848
575901
758012
408097
734168
168878
892876
500839
242321
625613
765333
55704
258359
941912
160550
375534
474898
857537
610992
901567
909261
438863
356542
359301
617209
976368
972820
124546
830206
149548
75712
869103
155950
787584
639839
898108
394679
802048
255782
322106
892374
354946
548215
317344
318863
291467
671410
89712
296871
367649
720061
37110
730921
149275
480268
418044
898365
788384
579941
95313
444112
326190
459651
657703
216527
366380
161303
598145
908394
244117
511131
153120
320915
504465
254130
518249
782221
50091
375002
627631
941343
163996
763849
541260
894286
738632
223606
709857
931720
859367
827021
836512
579842
703128
979005
721649
465478
73767
383069
974172
147659
568997
536928
992894
63056
791348
493928
192475
214824
449206
781568
286748
248918
420499
473945
604600
78701
794257
554635
346171
716950
222408
41780
687774
227631
590364
696293
931701
101475
85282
335111
834159
658622
461218
567282
407460
548455
190280
708896
34362
51711
758706
636945
741318
123177
885105
602936
679709
338509
924842
881059
851223
315087
992901
161704
962904
219098
552812
119881
489310
838061
172678
928402
410121
946976
18316
287655
742321
577423
466028
276758
63200
866946
854302
661679
437061
296824
682860
626803
196645
981795
643953
214497
771884
825545
831525
203122
997417
61832
871122
508710
114858
850051
535274
98244
250245
768522
642126
179974
883294
920634
601078
569842
606488
9117
907598
503351
167448
784704
805823
788622
669141
438087
123245
342069
175268
314528
51733
874115
67563
483928
762808
110605
501891
77680
314432
452068
494467
470668
593823
395172
250390
501013
992493
794207
546143
795512
844072
51109
886000
354112
240487
213974
141840
161091
499739
722198
4330
785330
850274
479285
750564
955045
365416
515989
524167
342769
970859
878190
720013
550624
723110
999299
155273
694925
794739
946534
621288
495780
737329
649410
212277
614510
48186
791819
460242
232757
228710
88470
864140
122485
156395
603087
534279
319149
534291
69530
795986
745060
807151
948273
679339
986694
255573
48478
475007
472416
58086
560476
858257
187452
478599
891018
375405
914883
482720
23475
39092
942172
390092
520230
182311
525320
733879
649142
86557
535054
571056
702242
38943
885152
820602
72169
708060
157922
383829
781671
620952
621689
95133
663515
966798
385366
326408
562150
580023
354443
629606
953398
33428
132172
962799
787065
276284
86374
534715
500718
439362
766810
618010
465293
37903
930155
89437
35131
554308
717506
970538
522368
77459
401690
566897
123001
461860
295159
607421
206602
366500
597631
677779
742148
583348
411684
68266
730481
536991
706376
961749
993984
623980
317399
612699
620221
180196
196348
787646
736491
147651
868627
635865
452180
40345
177814
507479
528473
972792
366947
891555
692465
260713
888267
335199
864256
804372
391672
965740
767128
736824
563547
29240
520109
703356
167586
521568
641329
217034
805421
701787
131137
23863
33670
879200
377991
237103
837226
547402
897429
749237
266896
551854
579773
930170
456544
357955
725903
515740
116852
165531
503215
465445
257790
116897
229458
471683
306069
532506
692402
838541
978289
747375
68751
590871
894503
804376
666810
766590
64757
823296
278531
991407
473951
830095
300799
646880
148632
764074
328823
340299
729058
3243
722428
769717
917205
383848
557418
538759
567340
441616
263947
602579
542536
279515
963742
118214
551666
839978
315096
962939
336354
974783
11646
597442
435170
624695
576662
958719
488819
797684
416999
597338
494676
851569
778711
462585
889380
350985
438260
959526
94753
352491
574409
935959
860201
540381
601186
859419
446288
196033
101535
109099
833688
764361
394955
574434
406173
508504
371390
239278
486499
908664
109335
937999
567051
462289
64659
406759
552596
834179
394898
641625
485860
489224
129102
813120
280291
933381
119322
268448
365106
10860
148130
774738
913481
976433
696760
668938
907171
627667
911191
831735
888364
246245
78214
517001
749937
443545
533187
880562
666390
518896
597349
120633
436124
79851
708362
612494
130356
93892
673507
723697
618608
302036
737972
446415
493480
837927
644721
97077
491337
261202
674828
479756
2392
949140
887303
716265
556210
829271
384534
203765
543512
950904
61749
692279
202613
645226
41667
169813
488585
648581
412806
323646
775612
781939
816379
414094
750744
500959
926879
207833
664775
865911
692124
333830
250202
598359
231741
85035
111999
613078
297429
159426
53537
393821
946250
416410
64562
828335
335107
193194
44853
354939
350664
277036
476037
914108
257364
444803
601963
980016
646907
997313
549546
223263
829313
186061
57607
718471
975110
668163
5837
152249
112042
289951
930963
713128
533009
23304
986283
920385
268763
237936
776892
37949
59005
742016
709796
442540
346244
369025
14528
938026
95193
345350
601622
751608
750396
379091
544245
587046
169386
392426
954131
622988
245350
511669
565634
86560
34371
423071
168674
591409
345444
173537
704216
288742
364604
236372
580384
910723
240336
338449
571186
108251
723290
645281
20682
926785
267930
872919
283428
588175
382528
391459
606207
642150
386849
837125
599836
896957
578697
462009
103189
704293
386079
320897
294390
842723
579066
91002
331447
570404
138668
112591
187255
489955
873882
559921
553258
311551
416669
782466
352980
336033
95140
680529
28688
35368
493479
491799
634866
417998
479755
461205
317770
185443
376998
723077
135420
121272
761626
237926
770234
565072
403559
642813
522436
675778
682913
645809
344595
803525
524012
461196
760547
647975
266278
270922
433586
375872
376979
129408
762899
486493
692907
407847
239991
640946
53982
922881
238997
474832
388291
602367
315775
433917
560456
517700
537929
294921
411853
23822
219465
134875
670455
967187
145344
160041
221551
866422
284703
998499
376056
795983
974922
84411
335430
562984
729906
344750
967808
966866
128502
632408
833353
219870
998088
777620
118075
47087
29914
586673
441716
191432
165997
692387
467857
63709
401438
735045
454522
739647
570691
388251
713094
279786
985423
279075
888622
479182
456448
853079
579797
764473
159295
220565
344885
361138
397692
653339
45374
308871
698600
577099
358601
16041
964829
958797
850982
655726
330040
241686
329810
68772
987477
562084
249695
636593
938188
737347
458759
349156
774404
385501
604476
324507
742909
708282
189201
732564
863119
683118
933233
711851
466411
950630
314402
876558
873920
916513
392232
239153
474962
350462
196762
866229
345464
14221
773692
69768
956819
886480
167923
934043
133493
109625
906514
783188
562260
360310
166389
583879
9881
961607
99715
534539
673735
559342
918723
488425
752141
588317
860858
555778
897492
513720
202179
807094
552625
97410
388859
267555
865427
114560
392817
759569
86802
250808
322738
453079
324958
416831
645860
696292
440855
959154
391572
290412
791472
365312
432182
756941
97648
119777
714528
339304
767733
394564
804959
132818
306369
799987
356633
886117
927667
780806
130073
232566
664151
698832
627636
893594
381523
818287
105052
979327
850350
425559
312409
988248
719658
495840
106145
275373
558776
695554
900462
181756
959273
897855
356376
971557
292380
523374
833104
106076
992162
92686
957669
920977
167985
65632
934644
236910
827232
405479
61976
975383
727561
335589
867303
537719
825004
449324
787559
361115
882388
827207
228002
37049
929602
239042
807202
822504
843973
774149
431069
807013
483146
696775
274931
299423
692874
195863
314513
638088
278406
28675
682403
972289
221665
445567
309216
462016
311005
608744
480688
861364
245135
766455
454520
995635
243648
114843
851646
648285
43847
681758
931487
880562
677073
710091
822968
663959
549548
968434
885924
425312
837036
255351
466004
329648
673893
847766
283939
350212
401352
56218
604742
139343
309196
625701
974585
539257
776134
656322
82616
603249
21240
411568
420906
992270
518922
946899
359593
642001
364631
321878
402103
558276
526588
549717
150708
988857
747198
949144
311857
609181
856529
374516
357873
656402
75283
326874
104699
456811
888322
545950
238094
739647
747992
515687
37650
342885
479197
551727
760317
662371
297621
125495
213175
308743
263806
628754
504602
286189
415093
831980
810451
783090
688221
724099
233118
904740
239511
645579
286910
639439
17793
662336
725065
253557
716559
367365
451341
45482
285563
481526
347036
376151
477948
929476
883063
554459
65279
582043
597456
864238
795594
935217
36152
399037
655191
121080
26076
719102
94564
556180
620632
167978
113285
962472
840089
854965
739214
833153
191856
832289
505190
305258
587292
252470
147709
963159
39252
47389
100242
263235
884492
396540
456895
713702
555649
661624
901768
962520
284459
115885
189151
619662
251737
993934
174226
588437
889705
991457
487433
400112
480344
759702
535359
700138
827101
456610
218652
68943
739462
842258
101857
769574
875870
615472
750109
822284
480559
381079
320083
643660
732462
740711
423592
243727
500379
266539
855475
273501
692056
287595
348535
811203
492723
697493
892544
206377
459975
620006
614834
645162
514022
967343
769625
303244
151709
474628
755202
471233
325257
7672
440379
871673
896961
55490
524857
505049
139539
258697
928026
13187
573946
188230
474661
103250
648885
570396
355383
744981
320190
775630
958875
130202
440698
897950
259356
410084
490707
455964
66084
993092
856174
947068
298328
298515
534060
126340
842280
547465
108877
427049
671627
580149
917536
514778
244579
390425
76093
96278
317185
457408
464814
434521
893563
219929
899140
260951
728009
69291
384800
558678
875753
624
455267
184934
359425
884292
551168
539067
83263
801221
998610
77210
811933
353019
645185
656032
543610
785681
179279
492176
447894
531008
122631
55627
340985
866832
506043
467805
925818
506349
397687
540070
523022
972341
944790
384913
438748
891781
499189
832210
664419
331682
160132
291776
508667
308753
125585
637342
326409
86094
308480
223625
842166
295366
306966
634915
268055
355579
220921
63045
762426
97662
184727
723850
103463
368137
379582
700948
479732
203673
137535
169754
989336
628150
106807
163220
359681
731964
480761
553779
387571
280980
733852
44027
706519
63732
764531
681389
35753
772364
327055
819987
313225
287168
695062
464339
332135
445641
991849
61119
220543
468699
998776
874532
992051
5504
903323
379263
926807
77634
181412
477711
365858
176972
139590
484700
784181
628254
506459
104118
347656
732216
417391
414961
68290
20447
406930
987643
572509
105223
909153
78954
576417
463076
512233
933120
78683
495549
274336
458536
580679
367285
870959
996725
471603
459371
747651
214206
85321
635288
192421
28310
208096
56455
642868
408117
214496
880430
774485
690426
931379
29212
320828
773711
339929
894396
628788
200023
939377
260495
53726
861212
885345
532768
668397
652140
287069
68501
567844
407499
652749
731402
880687
409118
34132
67391
13132
985928
217933
818567
775640
444395
55666
590195
952253
951498
813640
321659
710466
596749
388354
95666
856748
284503
633153
509480
310881
517419
960335
532439
616803
736637
645758
730069
582174
82722
332380
380666
999941
654239
314353
344662
836457
196958
123466
581069
745369
711579
407567
582668
993172
538510
581748
203895
646156
838234
530328
230970
203851
252396
906012
872803
466954
620644
686183
928104
356360
146710
267010
68546
102578
158501
30714
712697
853343
960897
826036
988299
127103
286425
233092
749658
433141
729483
354627
53135
314786
387754
470866
449613
478687
296617
196509
695111
979414
338818
224533
393789
425070
398877
726612
368304
444849
333600
900492
761640
663892
696442
689184
923655
814492
567617
517934
695536
840582
576051
420053
676791
126288
188152
411933
478109
246121
908282
305322
845571
375172
847294
407088
376388
323041
186722
217838
293631
832287
350575
815010
12332
42905
722322
590102
56788
416571
877277
942804
639391
392962
69501
240121
261781
864682
906408
986101
824145
270191
504598
962694
271720
497396
675862
536496
55673
906302
836820
598885
98698
187216
297686
728653
303752
531559
50119
386823
160773
314372
717885
352085
140286
569964
955321
558634
817560
256518
915551
667487
182575
995840
300469
794150
613396
768026
703029
658355
26039
932436
891442
335142
771178
248407
764442
559369
19501
387144
110621
818741
416642
988146
198086
867426
305144
357848
518129
478249
37650
557639
432405
742168
129926
440307
692775
138719
822554
212818
461367
315888
382569
16159
227827
891926
376448
5456
886550
123800
100793
165366
459893
744011
932971
333696
553348
333395
72231
986779
525153
910690
438926
684668
917062
453793
130640
983723
200559
202475
820305
792758
287011
261465
694569
510942
174297
120786
995342
650809
823514
35780
929828
527338
103099
185448
828055
35254
662437
383214
793856
251709
738119
367737
202456
742136
685618
596112
674477
702658
155347
930836
291983
594314
471355
263689
534865
632723
432258
454508
33288
956686
802120
355612
877394
760627
199154
187453
843958
824425
40184
112295
801322
468260
318450
514764
160740
588187
266750
655061
203427
444182
475737
937156
55390
513934
752482
931450
982114
982490
452348
148970
150954
757564
864452
262619
941533
973707
200525
838315
952166
393382
534316
756583
251544
289901
801698
512114
168087
741283
751604
248722
681276
311853
267570
496069
378827
713994
400938
874562
852364
934555
861746
996299
373122
89582
556075
171104
961865
29138
915936
647231
198406
337144
677884
818814
272892
252139
435446
387373
302461
135174
744303
282777
346169
174416
821140
508973
767082
988216
362077
723009
634761
168375
971656
418451
771157
316182
417071
244738
292852
583647
882246
455763
443147
351434
728718
436895
219880
111502
801743
737399
936077
749634
134899
305747
660366
422479
769009
748697
698767
895510
670297
751167
352597
215282
998672
862327
695936
909665
19635
558296
104670
941422
727222
338182
853784
856857
631675
77621
493319
580780
84320
258771
173722
926576
376362
171792
999588
768383
146122
901071
636319
795719
338112
115942
842625
697755
444132
389970
721934
946926
316089
483983
655334
227649
579496
245068
53038
625094
556464
516981
332840
423895
511664
393490
462750
80122
539907
484648
443627
751228
954549
968473
795925
16158
84082
102242
504701
162198
641680
309438
890069
908618
569463
735070
375984
995855
923986
970376
135916
525594
349224
174519
205125
812200
288248
24510
476709
252713
690406
705637
685841
964200
862045
272573
93114
218846
90418
829015
301619
912294
9075
239294
525223
906826
160296
812205
401725
532330
366022
48064
232818
182265
862004
807097
777679
317701
661639
603834
656820
341074
446847
477427
454596
303308
984252
547849
814147
514856
474803
570939
509210
252728
852931
269085
888499
631400
477111
485031
144921
251949
272583
671755
880829
947788
947395
380049
543372
636068
183458
584819
149738
642749
846753
19641
850316
290614
355217
82311
189478
501198
423740
201775
585903
374370
93065
950201
645189
92665
36584
170108
675028
669910
517920
51103
795789
918783
475283
27866
106750
133037
418064
435112
845877
437306
843145
301139
793006
116895
303555
691269
988196
617799
450002
482775
864085
563866
131417
738661
289614
594799
809739
108325
867156
380828
992521
346093
914531
535046
691259
52856
569249
467294
583529
846457
580812
792737
65711
606631
388305
150830
318573
682961
274335
737551
73989
679546
211566
304152
904950
228585
877698
829399
933115
191058
202672
106509
943097
568205
147744
984627
977115
772071
322826
247576
164146
632118
49281
607789
304902
510805
946865
687872
440098
974566
134098
109356
797670
206119
816673
599853
942163
660390
874476
995027
72722
720902
586622
207442
757186
816793
428420
111850
140642
720430
596175
772013
288136
249232
768260
902904
169252
566332
836301
25050
723198
280722
900421
359705
136223
30350
267981
751470
671635
62061
421184
943903
472167
34019
862955
602164
740741
623853
441944
344207
671332
191275
487968
359570
446998
840986
609686
152428
581732
769719
969862
64698
368788
732745
912818
189299
771839
219824
17863
998895
466902
464343
163465
800704
578626
998207
797765
97509
647607
906655
250060
50477
70027
268815
781304
734119
491601
415687
354640
270359
660418
861735
113775
934662
159868
624221
428933
741049
538696
989908
664755
934211
526924
502538
562709
711600
15380
266767
745257
658212
546432
661715
188721
462622
358675
386788
753464
721392
333766
564768
600626
426707
480786
849829
307934
489289
208429
854482
148028
185301
981470
148356
686342
447446
478700
720792
771358
434304
238426
72459
164926
921930
720534
751159
721140
743246
232270
294184
731537
476052
842798
887442
254831
989447
920035
704986
941452
377229
470989
340683
677049
941292
809299
661585
813917
232189
759709
303209
485446
305964
514427
260041
517352
871547
174092
966059
176220
572309
489256
436496
57953
731147
461859
871297
749213
588268
583440
456188
178797
39883
126232
333142
606065
484993
827834
196310
557048
975779
536732
722491
120633
614279
829744
757334
933902
863032
718115
626164
641489
361584
791964
679297
867739
295195
528102
916286
856528
656072
376896
465022
477125
418928
517782
913481
896999
220575
498307
570240
444512
643328
618286
32078
416731
423545
256373
35098
754948
91183
782094
223709
120627
217892
884603
621033
658225
762056
947116
70006
684829
398399
464428
271184
829218
869782
394327
633574
40267
653501
738854
266222
388178
263423
548568
362245
205555
891763
584445
577993
297009
749511
410101
96401
807634
786712
350675
552177
435883
255771
573002
22161
912466
993336
350916
600994
960008
197789
180157
606941
457278
813780
605245
33329
546256
130759
958821
538662
947894
919920
247297
944502
532089
901885
352409
340368
374730
687536
671924
433627
543084
960334
742171
703689
24153
808438
67706
14800
405512
401842
831094
482541
945311
777828
349417
188404
995212
580737
237322
458523
340228
333542
554373
171523
115057
241216
98825
122412
600365
161247
701329
963225
119165
440472
351585
788132
612231
95779
106594
420872
669743
147956
479699
381423
114558
266978
333327
758877
323488
628679
294901
438780
398281
424795
607956
220187
984341
771128
604573
59613
987279
899823
386187
153676
690398
108188
878105
881391
383747
87256
365251
845939
951705
950119
127029
521774
282100
268579
450494
63675
185933
201046
876010
936128
646443
719927
588129
915242
861709
727039
51297
822320
195292
169390
97048
419480
470363
662644
433548
509356
878205
197883
157392
112839
993547
526258
866052
255090
827437
218122
837669
152345
668715
126530
699463
113589
896980
140105
932538
413611
839344
44076
971907
811033
158754
920540
947678
70027
840458
708396
738032
742231
285670
825594
552004
60249
410237
760644
230266
370000
617398
60695
960740
407230
538678
588574
205268
381292
763696
85864
715846
955884
986147
233980
838169
73017
262432
826465
79727
65146
474024
795563
979288
147108
519187
176687
76157
542359
836125
196106
211815
153814